179 316
525 240
709 198
54 277
238 270
1014 282
569 224
865 244
315 169
962 163
719 347
74 257
464 200
694 177
988 211
588 324
936 282
979 199
383 334
201 168
97 333
46 315
731 332
569 327
509 343
49 275
1064 337
318 208
820 340
799 175
900 173
571 223
325 339
1013 174
850 309
385 311
655 315
950 250
201 235
310 321
948 321
694 329
426 229
280 214
542 168
787 339
1023 180
356 194
866 326
824 335
281 312
982 308
1080 217
617 172
710 194
424 207
562 314
478 340
702 258
423 270
999 303
987 258
318 322
352 268
1043 295
202 245
557 173
689 256
558 303
647 216
833 170
656 192
981 192
649 257
725 308
563 186
800 254
830 201
925 230
340 270
462 287
236 204
625 246
860 246
817 215
689 279
872 334
830 334
477 202
1040 201
471 322
303 228
